*PARAMETER
DISPL = 1.337942
THICKNESS = 1.129625
WIDTH = 1.000000
DTIME = 357.570000
TRAMP1 = 3.575700
RAMP1 = 0.001338
DT = 0.002235
