*PARAMETER
DISPL = 0.068546
THICKNESS = 0.239410
WIDTH = 0.100000
DTIME = 394.000000
DT = 0.004378
TRAMP1 = 3.940000
RAMP1 = 0.000137
