*PARAMETER
DISPL = 0.062893
THICKNESS = 0.117975
WIDTH = 0.100000
DTIME = 367.000000
TRAMP1 = 3.670000
RAMP1 = 0.000126
DT = 0.003670
