*PARAMETER
DISPL = 1.1731
DTIME = 771.5
THICKNESS = 1.4976
WIDTH = 19.967
TRAMP1 = 7.715
RAMP1 = 0.011731
DT = 0.07715
MINDT = DTIME * 1e-6
MAXDT = DTIME * 1e-2