*PARAMETER
DISPL = 0.9743
DTIME = 749.1
THICKNESS = 1.5212
WIDTH = 1.0
TRAMP1 = 7.4910000000000005
RAMP1 = 0.0009743000000000001
DT = 0.037455
MINDT = DTIME * 1e-6
MAXDT = DTIME * 1e-2