*PARAMETER
DISPL = 0.91045
DTIME = 719.14
THICKNESS = 1.5293
WIDTH = 1.0
TRAMP1 = 7.1914
RAMP1 = 0.0009104499999999999
DT = 0.035956999999999996
MINDT = DTIME * 1e-6
MAXDT = DTIME * 1e-2