*PARAMETER
DISPL = 0.9154
DTIME = 723.58
THICKNESS = 1.5207
WIDTH = 1.0
TRAMP1 = 7.2358
RAMP1 = 0.0009154
DT = 0.036179
MINDT = DTIME * 1e-6
MAXDT = DTIME * 1e-2