*PARAMETER
DISPL = 4.5394000000000005
DTIME = 800.0
THICKNESS = 1.4959
WIDTH = 20
TRAMP1 = 8.0
RAMP1 = 0.045394000000000004
DT = 0.08
MINDT = DTIME * 1e-6
MAXDT = DTIME * 1e-2