*PARAMETER
DISPL = 1.567917
THICKNESS = 0.604500
WIDTH = 1.000000
DTIME = 452.080000
TRAMP1 = 4.520800
RAMP1 = 0.001136
DT = 0.004521
MINDT = DTIME * 1e-6
MAXDT = DTIME * 1e-2