*PARAMETER
DISPL = 10.379000000000001
DTIME = 748.5
THICKNESS = 1.4925
WIDTH = 19.967
TRAMP1 = 7.485
RAMP1 = 0.10379000000000001
DT = 0.07485
MINDT = DTIME * 1e-6
MAXDT = DTIME * 1e-2