*PARAMETER
DISPL = 1.55165
DTIME = 716.64
THICKNESS = 0.76345
WIDTH = 1.0
TRAMP1 = 7.166399999999999
RAMP1 = 0.00155165
DT = 0.035832
MINDT = DTIME * 1e-6
MAXDT = DTIME * 1e-2