*PARAMETER
DISPL = 2.0705 <= 2.0705>
DTIME = 726.5 <= 726.5>
THICKNESS = 1.4956 <= 1.4956>
WIDTH = 20.012 <= 20.012>
TRAMP1 = 7.265 <= 7.265>
RAMP1 = 0.020705 <= 0.020705>
DT = 0.07265 <= 0.07265>
MINDT = DTIME * 1e-6 <= 0.0007264999999999999>
MAXDT = DTIME * 1e-2 <= 7.265000000000001>
