*PARAMETER
DISPL = 1.5114
DTIME = 711.62
THICKNESS = 0.76115
WIDTH = 1.0
TRAMP1 = 7.1162
RAMP1 = 0.0015114
DT = 0.035581
MINDT = DTIME * 1e-6
MAXDT = DTIME * 1e-2