*PARAMETER
DISPL = 1.50055
DTIME = 703.07
THICKNESS = 0.7666
WIDTH = 1.0
TRAMP1 = 7.0307
RAMP1 = 0.00150055
DT = 0.035153500000000004
MINDT = DTIME * 1e-6
MAXDT = DTIME * 1e-2