*PARAMETER
DISPL = 2.0705
DTIME = 726.5
THICKNESS = 1.4956
WIDTH = 20.012
TRAMP1 = 7.265
RAMP1 = 0.020705
DT = 0.07265
MINDT = DTIME * 1e-6
MAXDT = DTIME * 1e-2