*PARAMETER
DISPL = 1.0734
DTIME = 583.59
THICKNESS = 0.7601
WIDTH = 1.0
TRAMP1 = 5.8359000000000005
RAMP1 = 0.0010734
DT = 0.0291795
MINDT = DTIME * 1e-6
MAXDT = DTIME * 1e-2