*PARAMETER
DISPL = 1.698 * 10 
DTIME = 424.54
THICKNESS = 1.0239
WIDTH = 19.697
TRAMP1 = 4.2454
RAMP1 = 0.01698
DT = 0.042454
MINDT = DTIME * 1e-6
MAXDT = DTIME * 1e-2