*PARAMETER
DISPL = 0.806484
THICKNESS = 0.605450
WIDTH = 1.000000
DTIME = 434.550000
TRAMP1 = 4.345500
RAMP1 = 0.000813
DT = 0.04346
MINDT = DTIME * 1e-6
MAXDT = DTIME * 1e-2