*PARAMETER
DISPL = 1.1099
DTIME = 585.59
THICKNESS = 0.76405
WIDTH = 1.0
TRAMP1 = 5.8559
RAMP1 = 0.0011099
DT = 0.0292795
MINDT = DTIME * 1e-6
MAXDT = DTIME * 1e-2