*PARAMETER
DISPL = 1.5512
DTIME = 653.5
THICKNESS = 1.4938
WIDTH = 19.968
TRAMP1 = 6.535
RAMP1 = 0.015512
DT = 0.06535
MINDT = DTIME * 1e-6
MAXDT = DTIME * 1e-2