*PARAMETER
DISPL = 1.12945
DTIME = 592.66
THICKNESS = 0.76225
WIDTH = 1.0
TRAMP1 = 5.9266
RAMP1 = 0.0011294500000000002
DT = 0.029633
MINDT = DTIME * 1e-6
MAXDT = DTIME * 1e-2