*PARAMETER
DISPL = 10.017
DTIME = 388.5
THICKNESS = 1.5131
WIDTH = 20.023
TRAMP1 = 3.885
RAMP1 = 0.10017
DT = 0.03885
MINDT = DTIME * 1e-6
MAXDT = DTIME * 1e-2