*PARAMETER
DISPL = 2.561
DTIME = 441.58
THICKNESS = 0.9375625
WIDTH = 2.0
TRAMP1 = 4.4158
RAMP1 = 0.002561
DT = 0.022078999999999998
MINDT = DTIME * 1e-6
MAXDT = DTIME * 1e-2