*PARAMETER
DISPL = 2.7509
DTIME = 482.08
THICKNESS = 0.9513125
WIDTH = 2.0
TRAMP1 = 4.8208
RAMP1 = 0.0027509
DT = 0.024104
MINDT = DTIME * 1e-6
MAXDT = DTIME * 1e-2