*PARAMETER
DISPL = 10.325500000000002
DTIME = 424.0
THICKNESS = 1.5218
WIDTH = 20.024
TRAMP1 = 4.24
RAMP1 = 0.10325500000000001
DT = 0.0424
MINDT = DTIME * 1e-6
MAXDT = DTIME * 1e-2