*PARAMETER
DISPL = 4.161755
THICKNESS = 1.127563
WIDTH = 1.000000
DTIME = 291.120000
TRAMP1 = 2.911200
RAMP1 = 0.001162
DT = 0.001819
MINDT = DTIME * 1e-6
MAXDT = DTIME * 1e-2
