*PARAMETER
DISPL = 2.704
DTIME = 475.09
THICKNESS = 0.9421875
WIDTH = 2.0
TRAMP1 = 4.7509
RAMP1 = 0.0027040000000000002
DT = 0.023754499999999998
MINDT = DTIME * 1e-6
MAXDT = DTIME * 1e-2