*PARAMETER
DISPL = 0.7864772
DTIME = 296.6
THICKNESS = 1.007
WIDTH = 10.05
TRAMP1 = 2.966
RAMP1 = 0.007864771999999999
DT = 0.029660000000000002
MINDT = DTIME * 1e-6
MAXDT = DTIME * 1e-2