*PARAMETER
DISPL = 0.1 <= 0.1>
DTIME = 296.6 <= 296.6>
THICKNESS = 1 <= 1>
WIDTH = 1 <= 1>
TRAMP1 = 2.966 <= 2.966>
RAMP1 = 0.0001 <= 0.0001>
DT = 0.014830000000000001 <= 0.014830000000000001>
MINDT = DTIME * 1e-6 <= 0.0002966>
MAXDT = DTIME * 1e-2 <= 2.966>
