*PARAMETER
DISPL = 0.7991761000000001
DTIME = 301.09
THICKNESS = 1.006
WIDTH = 10.02
TRAMP1 = 3.0109
RAMP1 = 0.007991761
DT = 0.030108999999999997
MINDT = DTIME * 1e-6
MAXDT = DTIME * 1e-2