*PARAMETER
DISPL = 0.1 <= 0.1>
DTIME = 215.62 <= 215.62>
THICKNESS = 1 <= 1>
WIDTH = 1 <= 1>
TRAMP1 = 2.1562 <= 2.1562>
RAMP1 = 0.0001 <= 0.0001>
DT = 0.010781 <= 0.010781>
MINDT = DTIME * 1e-6 <= 0.00021562>
MAXDT = DTIME * 1e-2 <= 2.1562>
