*PARAMETER
DISPL = 0.5093037
DTIME = 215.62
THICKNESS = 1.016
WIDTH = 10.03
TRAMP1 = 2.1562
RAMP1 = 0.005093037
DT = 0.021562
MINDT = DTIME * 1e-6
MAXDT = DTIME * 1e-2