*PARAMETER
DISPL = 0.6245334
DTIME = 251.15
THICKNESS = 1.001
WIDTH = 10.07
TRAMP1 = 2.5115
RAMP1 = 0.006245334
DT = 0.025115000000000002
MINDT = DTIME * 1e-6
MAXDT = DTIME * 1e-2