*PARAMETER
DISPL = 0.1 <= 0.1>
DTIME = 251.15 <= 251.15>
THICKNESS = 1 <= 1>
WIDTH = 1 <= 1>
TRAMP1 = 2.5115 <= 2.5115>
RAMP1 = 0.0001 <= 0.0001>
DT = 0.012557500000000001 <= 0.012557500000000001>
MINDT = DTIME * 1e-6 <= 0.00025115>
MAXDT = DTIME * 1e-2 <= 2.5115000000000003>
