*PARAMETER
DISPL = 0.1
DTIME = 304.59
THICKNESS = 1
WIDTH = 1
TRAMP1 = 3.0458999999999996
RAMP1 = 0.0001
DT = 0.015229499999999998
MINDT = DTIME * 1e-6
MAXDT = DTIME * 1e-2