*PARAMETER
DISPL = 0.8143128000000001
DTIME = 304.59
THICKNESS = 1.005
WIDTH = 10.02
TRAMP1 = 3.0458999999999996
RAMP1 = 0.008143128000000001
DT = 0.030458999999999996
MINDT = DTIME * 1e-6
MAXDT = DTIME * 1e-2