*PARAMETER
DISPL = 0.7863528
DTIME = 309.15
THICKNESS = 1.007
WIDTH = 10.05
TRAMP1 = 3.0915
RAMP1 = 0.007863528
DT = 0.030914999999999998
MINDT = DTIME * 1e-6
MAXDT = DTIME * 1e-2