*PARAMETER
DISPL = 0.1
DTIME = 300.1
THICKNESS = 1
WIDTH = 1
TRAMP1 = 3.0010000000000003
RAMP1 = 0.0001
DT = 0.015005000000000001
MINDT = DTIME * 1e-6
MAXDT = DTIME * 1e-2