*PARAMETER
DISPL = 0.7835405
DTIME = 300.1
THICKNESS = 1.008
WIDTH = 10.05
TRAMP1 = 3.0010000000000003
RAMP1 = 0.007835405
DT = 0.030010000000000002
MINDT = DTIME * 1e-6
MAXDT = DTIME * 1e-2