*PARAMETER
DISPL = 0.1
DTIME = 0.51165
THICKNESS = 1
WIDTH = 1
TRAMP1 = 0.0051165
RAMP1 = 0.0001
DT = 2.55825e-05
MINDT = DTIME * 1e-6
MAXDT = DTIME * 1e-2