*PARAMETER
DISPL = 0.470214
THICKNESS = 1.202900
WIDTH = 1.000000
DTIME = 592.110000
DT = 0.005921
TRAMP1 = 5.921100
RAMP1 = 0.000940
