*PARAMETER
DISPL = 0.084281
THICKNESS = 0.121270
WIDTH = 0.100000
DTIME = 471.000000
TRAMP1 = 4.710000
RAMP1 = 0.000169
DT = 0.004710
