*PARAMETER
DISPL = 0.296242
DISPW = 0.000000
THICKNESS = 0.154800
WIDTH = 0.200000
DTIME = 317.000000
TRAMP1 = 3.170000
RAMP1 = 0.000296
RAMP2 = 0.000000
DT = 0.001981
