*PARAMETER
DISPL = 0.196646
THICKNESS = 0.284200
DTIME = 487.500000
DT = 0.000609
TRAMP1 = 4.875000
RAMP1 = 0.000393
WIDTH = 0.200000
