*PARAMETER
DISPL = 0.294701
THICKNESS = 0.146750
WIDTH = 0.200000
DTIME = 530.500000
TRAMP1 = 5.305000
RAMP1 = 0.000589
DT = 0.000663
