*PARAMETER
DISPL = 0.294701 <= 0.294701>
THICKNESS = 0.146750 <= 0.14675>
WIDTH = 0.200000 <= 0.2>
DTIME = 530.500000 <= 530.5>
TRAMP1 = 5.305000 <= 5.305>
RAMP1 = 0.000589 <= 0.000589>
DT = 0.000663 <= 0.000663>
