*PARAMETER
DISPL = 0.212809
THICKNESS = 0.144850
WIDTH = 0.200000
DTIME = 404.500000
TRAMP1 = 4.045000
RAMP1 = 0.000426
DT = 0.000506
