*PARAMETER
DISPL = 0.567917
THICKNESS = 0.604500
WIDTH = 1.000000
DTIME = 452.080000
TRAMP1 = 4.520800
RAMP1 = 0.001136
DT = 0.004521
